resname,resseq,icode,uid
GLN,1,,GLN_1
VAL,2,,VAL_2
GLN,3,,GLN_3
LEU,4,,LEU_4
GLN,5,,GLN_5
GLN,6,,GLN_6
SER,7,,SER_7
GLY,8,,GLY_8
ALA,9,,ALA_9
GLU,10,,GLU_10
LEU,11,,LEU_11
VAL,12,,VAL_12
LYS,13,,LYS_13
PRO,14,,PRO_14
GLY,15,,GLY_15
ALA,16,,ALA_16
SER,17,,SER_17
VAL,18,,VAL_18
LYS,19,,LYS_19
LEU,20,,LEU_20
SER,21,,SER_21
CYS,22,,CYS_22
THR,23,,THR_23
ALA,24,,ALA_24
SER,25,,SER_25
GLY,26,,GLY_26
PHE,27,,PHE_27
ASN,28,,ASN_28
ILE,29,,ILE_29
LYS,30,,LYS_30
ASP,31,,ASP_31
THR,32,,THR_32
TYR,33,,TYR_33
MET,34,,MET_34
HIS,35,,HIS_35
TRP,36,,TRP_36
VAL,37,,VAL_37
LYS,38,,LYS_38
GLN,39,,GLN_39
ARG,40,,ARG_40
PRO,41,,PRO_41
GLU,42,,GLU_42
GLN,43,,GLN_43
GLY,44,,GLY_44
LEU,45,,LEU_45
GLU,46,,GLU_46
TRP,47,,TRP_47
ILE,48,,ILE_48
GLY,49,,GLY_49
ARG,50,,ARG_50
ILE,51,,ILE_51
ASP,52,,ASP_52
PRO,52,A,PRO_52A
ALA,53,,ALA_53
ASN,54,,ASN_54
GLY,55,,GLY_55
ASN,56,,ASN_56
THR,57,,THR_57
LYS,58,,LYS_58
TYR,59,,TYR_59
ASP,60,,ASP_60
PRO,61,,PRO_61
LYS,62,,LYS_62
PHE,63,,PHE_63
GLN,64,,GLN_64
GLY,65,,GLY_65
LYS,66,,LYS_66
ALA,67,,ALA_67
THR,68,,THR_68
ILE,69,,ILE_69
THR,70,,THR_70
ALA,71,,ALA_71
ASP,72,,ASP_72
THR,73,,THR_73
SER,74,,SER_74
SER,75,,SER_75
ASN,76,,ASN_76
THR,77,,THR_77
ALA,78,,ALA_78
TYR,79,,TYR_79
LEU,80,,LEU_80
GLN,81,,GLN_81
LEU,82,,LEU_82
SER,83,,SER_83
SER,84,,SER_84
LEU,85,,LEU_85
THR,86,,THR_86
SER,87,,SER_87
GLU,88,,GLU_88
ASP,89,,ASP_89
THR,90,,THR_90
ALA,91,,ALA_91
VAL,92,,VAL_92
TYR,93,,TYR_93
TYR,94,,TYR_94
CYS,95,,CYS_95
ALA,96,,ALA_96
SER,97,,SER_97
TYR,98,,TYR_98
TYR,99,,TYR_99
GLY,100,,GLY_100
ILE,101,,ILE_101
TYR,102,,TYR_102
TRP,103,,TRP_103
GLY,104,,GLY_104
GLN,105,,GLN_105
GLY,106,,GLY_106
THR,107,,THR_107
THR,108,,THR_108
LEU,109,,LEU_109
THR,110,,THR_110
VAL,111,,VAL_111
SER,112,,SER_112
SER,113,,SER_113
ALA,114,,ALA_114
SER,115,,SER_115
THR,116,,THR_116
LYS,117,,LYS_117
GLY,118,,GLY_118
PRO,119,,PRO_119
SER,120,,SER_120
VAL,121,,VAL_121
PHE,122,,PHE_122
PRO,123,,PRO_123
LEU,124,,LEU_124
ALA,125,,ALA_125
PRO,126,,PRO_126
SER,127,,SER_127
SER,128,,SER_128
LYS,129,,LYS_129
SER,130,,SER_130
THR,131,,THR_131
SER,132,,SER_132
GLY,133,,GLY_133
GLY,134,,GLY_134
THR,135,,THR_135
ALA,136,,ALA_136
ALA,137,,ALA_137
LEU,138,,LEU_138
GLY,139,,GLY_139
CYS,140,,CYS_140
LEU,141,,LEU_141
VAL,142,,VAL_142
LYS,143,,LYS_143
ASP,144,,ASP_144
TYR,145,,TYR_145
PHE,146,,PHE_146
PRO,147,,PRO_147
GLU,148,,GLU_148
PRO,149,,PRO_149
VAL,150,,VAL_150
THR,151,,THR_151
VAL,152,,VAL_152
SER,153,,SER_153
TRP,154,,TRP_154
ASN,155,,ASN_155
SER,156,,SER_156
GLY,157,,GLY_157
ALA,158,,ALA_158
LEU,159,,LEU_159
THR,160,,THR_160
SER,161,,SER_161
GLY,162,,GLY_162
VAL,163,,VAL_163
HIS,164,,HIS_164
THR,165,,THR_165
PHE,166,,PHE_166
PRO,167,,PRO_167
ALA,168,,ALA_168
VAL,169,,VAL_169
LEU,170,,LEU_170
GLN,171,,GLN_171
SER,172,,SER_172
SER,173,,SER_173
GLY,174,,GLY_174
LEU,175,,LEU_175
TYR,176,,TYR_176
SER,177,,SER_177
LEU,178,,LEU_178
SER,179,,SER_179
SER,180,,SER_180
VAL,181,,VAL_181
VAL,182,,VAL_182
THR,183,,THR_183
VAL,184,,VAL_184
PRO,185,,PRO_185
SER,186,,SER_186
SER,187,,SER_187
SER,188,,SER_188
LEU,189,,LEU_189
GLY,190,,GLY_190
THR,191,,THR_191
GLN,192,,GLN_192
THR,193,,THR_193
TYR,194,,TYR_194
ILE,195,,ILE_195
CYS,196,,CYS_196
ASN,197,,ASN_197
VAL,198,,VAL_198
ASN,199,,ASN_199
HIS,200,,HIS_200
LYS,201,,LYS_201
PRO,202,,PRO_202
SER,203,,SER_203
ASN,204,,ASN_204
THR,205,,THR_205
LYS,206,,LYS_206
VAL,207,,VAL_207
ASP,208,,ASP_208
LYS,209,,LYS_209
LYS,210,,LYS_210
VAL,211,,VAL_211
GLU,212,,GLU_212
PRO,213,,PRO_213
LYS,214,,LYS_214
SER,215,,SER_215
CYS,216,,CYS_216
